011110111100000
011110111000001
011100111100001
011110110100010
011110110000011
011100110100011
011010111100010
011010111000011
011000111100011
011110101100100
011110101000101
011100101100101
011110100100110
011110100000111
011100100100111
011010101100110
011010101000111
011000101100111
010110111100100
010110111000101
010100111100101
010110110100110
010110110000111
010100110100111
010010111100110
010010111000111
010000111100111
011110011101000
011110011001001
011100011101001
011110010101010
011110010001011
011100010101011
011010011101010
011010011001011
011000011101011
011110001101100
011110001001101
011100001101101
011110000101110
011110000001111
011100000101111
011010001101110
011010001001111
011000001101111
010110011101100
010110011001101
010100011101101
010110010101110
010110010001111
010100010101111
010010011101110
010010011001111
010000011101111
001110111101000
001110111001001
001100111101001
001110110101010
001110110001011
001100110101011
001010111101010
001010111001011
001000111101011
001110101101100
001110101001101
001100101101101
001110100101110
001110100001111
001100100101111
001010101101110
001010101001111
001000101101111
000110111101100
000110111001101
000100111101101
000110110101110
000110110001111
000100110101111
000010111101110
000010111001111
000000111101111
111110111101111
011111111101111
011110111111111
100001000000000
100000000010000
000001000010000
111111000010000
111101000110000
111101000010001
111011001010000
111001001110000
111001001010001
111011000010010
111001000110010
111001000010011
110111010010000
110101010110000
110101010010001
110011011010000
110001011110000
110001011010001
110011010010010
110001010110010
110001010010011
110111000010100
110101000110100
110101000010101
110011001010100
110001001110100
110001001010101
110011000010110
110001000110110
110001000010111
101111100010000
101101100110000
101101100010001
101011101010000
101001101110000
101001101010001
101011100010010
101001100110010
101001100010011
100111110010000
100101110110000
100101110010001
100011111010000
100001111110000
100001111010001
100011110010010
100001110110010
100001110010011
100111100010100
100101100110100
100101100010101
100011101010100
100001101110100
100001101010101
100011100010110
100001100110110
100001100010111
101111000011000
101101000111000
101101000011001
101011001011000
101001001111000
101001001011001
101011000011010
101001000111010
101001000011011
100111010011000
100101010111000
100101010011001
100011011011000
100001011111000
100001011011001
100011010011010
100001010111010
100001010011011
100111000011100
100101000111100
100101000011101
100011001011100
100001001111100
100001001011101
100011000011110
100001000111110
100001000011111
